0 0 0 0 0 0 0 0 0 0 0 0 0 0 0 0 0 0 0 0 0 0 0 0 0 0 0 0 0 0 0 0 1 1 1 1 1 1 1 1 1 1 1 1 1 1 1 1 1 1 1 1 1 1 1 1 1 1 1 1 1 1 1 1 2 3 4 5 5 5 5 5 5 5 6 7 8 9 10 5 5 5 5 5 5 5 6 7 8 9 9 9 9 9 2 3 1 1 1 1 1 1 1 1 1 1 1 1 1 1 1 1 1 1 1 1 1 1 1 1 1 1 1 1 1 1 1 1 0 
0 0 0 0 0 0 0 0 0 0 0 0 0 0 0 0 0 0 0 0 0 0 0 0 0 0 0 0 0 0 0 0 12 12 12 12 12 12 12 12 12 12 12 12 12 12 12 12 12 12 12 12 12 12 12 12 12 12 12 12 12 12 12 12 3 13 14 9 9 9 9 9 9 9 9 15 16 9 9 9 9 9 9 9 9 9 9 15 16 9 9 9 9 9 13 2 12 12 12 12 12 12 12 12 12 12 12 12 12 12 12 12 12 12 12 12 12 12 12 12 12 12 12 12 12 12 12 12 0 
2 3 2 3 2 3 2 3 2 3 2 3 2 3 2 3 2 3 2 3 2 3 2 3 2 3 2 3 2 3 2 3 0 0 17 17 0 0 17 17 0 0 17 17 0 0 17 17 0 0 17 17 0 0 17 17 0 0 17 17 0 0 17 17 2 3 14 9 9 9 2 3 2 3 13 18 18 13 2 3 2 3 19 9 9 9 2 3 2 3 19 9 9 9 2 3 0 0 17 17 0 0 17 17 0 0 17 17 0 0 17 17 0 0 17 17 0 0 17 17 0 0 17 17 0 0 17 17 0 
3 13 13 2 3 13 13 20 20 13 13 20 20 13 13 20 20 13 13 2 3 13 13 2 3 13 13 2 3 13 13 2 0 0 0 0 0 0 0 0 0 0 0 0 0 0 0 0 0 0 0 0 0 0 0 0 0 0 0 0 0 0 0 0 3 13 14 9 9 9 13 2 3 13 13 2 3 13 13 2 3 13 14 9 9 9 13 2 3 13 14 9 9 9 13 2 0 0 0 0 0 0 0 0 0 0 0 0 0 0 0 0 0 0 0 0 0 0 0 0 0 0 0 0 0 0 0 0 0 
2 3 4 5 21 5 5 5 21 5 5 5 21 5 5 5 21 5 5 5 21 5 5 5 21 5 5 5 21 5 2 3 0 0 0 0 0 0 0 0 0 0 0 0 0 0 0 0 0 0 0 0 0 0 0 0 0 0 0 0 0 0 0 0 2 3 14 7 8 9 10 5 5 5 5 5 5 5 5 5 5 5 6 7 8 9 10 5 5 5 6 7 8 9 2 3 0 0 0 0 0 0 0 0 0 0 0 0 0 0 0 0 0 0 0 0 0 0 0 0 0 0 0 0 0 0 0 0 0 
3 13 14 9 22 9 9 9 22 9 9 9 22 9 9 9 22 9 9 9 22 9 9 9 22 9 9 9 22 9 13 2 0 0 0 4 5 5 0 4 21 5 0 4 21 5 0 4 21 5 0 4 21 5 0 4 21 5 0 4 5 5 0 0 3 13 14 15 16 9 9 9 9 9 9 9 9 9 9 9 9 9 9 15 16 9 9 9 9 9 9 15 16 9 13 2 0 0 0 4 5 5 0 4 21 5 0 4 21 5 0 4 21 5 0 4 21 5 0 4 21 5 0 4 21 5 0 0 0 
2 3 14 9 22 9 2 3 2 3 2 3 2 3 2 3 2 3 2 3 2 3 19 9 22 9 2 3 2 3 2 3 0 0 0 14 9 9 0 14 22 9 0 14 22 9 0 14 22 9 0 14 22 9 0 14 22 9 0 14 9 9 0 0 2 3 13 18 18 13 19 9 9 9 2 3 2 3 19 9 9 9 2 3 2 3 2 3 2 3 2 3 2 3 2 3 0 0 0 14 9 9 0 14 22 9 0 14 22 9 0 14 22 9 0 14 22 9 0 14 22 9 0 14 22 9 0 0 0 
3 13 14 9 22 9 13 2 3 13 13 2 3 13 13 2 3 13 13 2 3 13 14 9 22 9 13 2 3 13 13 2 0 0 5 6 9 9 10 6 23 24 10 6 23 24 10 6 23 24 10 6 23 24 10 6 23 24 10 6 9 9 0 0 3 13 13 2 3 13 14 9 9 9 13 2 3 13 14 9 9 9 13 2 3 13 13 2 3 13 13 2 3 13 13 2 0 0 5 6 9 9 10 6 23 24 10 6 23 24 10 6 23 24 10 6 23 24 10 6 23 24 10 6 22 9 0 0 0 
2 3 14 9 22 9 10 5 21 5 5 5 21 5 5 5 13 13 4 5 21 5 6 9 22 9 10 5 25 26 2 3 0 0 27 28 9 9 9 9 29 14 9 9 29 14 9 9 29 14 9 9 29 14 9 9 29 14 9 9 25 26 0 0 2 3 27 28 4 5 6 7 8 9 10 5 5 5 6 7 8 9 10 5 5 5 5 5 5 5 5 5 25 26 2 3 0 0 27 28 9 9 9 9 29 14 9 9 29 14 9 9 29 14 9 9 29 14 9 9 29 14 9 9 30 31 0 0 0 
3 13 14 9 32 9 9 9 22 9 9 9 22 9 9 9 13 13 14 9 22 9 9 9 32 9 9 9 33 34 13 2 0 0 35 36 9 9 9 9 37 14 9 9 37 14 9 9 37 14 9 9 37 14 9 9 37 14 9 9 33 34 0 0 3 13 35 36 14 9 9 15 16 9 9 9 9 9 9 15 16 9 9 9 9 9 9 9 9 9 9 9 33 34 13 2 0 0 35 36 9 9 9 9 37 14 9 9 37 14 9 9 37 14 9 9 37 14 9 9 37 14 9 9 38 39 0 0 0 
2 3 2 3 2 3 2 3 2 3 19 9 22 9 9 9 13 13 14 9 22 9 2 3 2 3 2 3 2 3 2 3 0 0 0 0 0 0 0 0 0 0 0 0 0 0 0 0 0 0 0 0 0 0 0 0 0 0 0 0 0 0 0 0 2 3 2 3 2 3 2 3 2 3 19 9 9 9 2 3 2 3 2 3 2 3 19 9 9 9 2 3 2 3 2 3 0 0 0 0 0 0 0 0 0 0 0 0 0 0 0 0 0 0 0 0 0 0 0 0 0 0 0 0 0 0 0 0 0 
3 13 13 2 3 13 13 2 3 13 14 9 22 9 9 9 13 13 14 9 22 9 13 2 3 13 13 2 3 13 13 2 0 0 0 0 0 0 0 0 0 0 0 0 0 0 0 0 0 0 0 0 0 0 0 0 0 0 0 0 0 0 0 0 3 13 13 2 3 13 13 2 3 13 14 9 9 9 13 2 3 13 13 2 3 13 14 9 9 9 13 2 3 13 13 2 0 0 0 0 0 0 0 0 0 0 0 0 0 0 0 0 0 0 0 0 0 0 0 0 0 0 0 0 0 0 0 0 0 
2 3 4 5 21 5 5 5 21 5 6 9 22 9 9 9 13 13 14 9 22 9 10 5 21 5 5 5 21 5 2 3 17 17 17 17 17 17 17 17 17 17 17 17 17 17 17 17 17 17 17 17 17 17 17 17 17 17 17 17 17 17 17 17 2 3 4 5 5 5 5 5 5 5 6 7 8 9 10 5 5 5 5 5 5 5 6 7 8 9 10 5 5 5 2 3 17 17 17 17 17 17 17 17 17 17 17 17 17 17 17 17 17 17 17 17 17 17 17 17 17 17 17 17 17 17 17 17 0 
3 13 14 9 22 9 9 9 22 9 9 9 32 9 9 9 40 40 14 9 32 9 9 9 22 9 9 9 22 9 13 2 41 41 41 41 41 41 41 41 41 41 41 41 41 41 41 41 41 41 41 41 41 41 41 41 41 41 41 41 41 41 41 41 3 13 14 9 9 9 9 9 9 9 9 15 16 9 9 9 9 9 9 9 9 9 9 15 16 9 9 9 9 9 13 2 41 41 41 41 41 41 41 41 41 41 41 41 41 41 41 41 41 41 41 41 41 41 41 41 41 41 41 41 41 41 41 41 0 
2 3 14 9 22 9 2 3 2 3 2 3 2 3 2 3 2 3 2 3 2 3 2 3 2 3 2 3 2 3 2 3 1 1 1 1 1 1 1 1 1 1 1 1 1 1 1 1 1 1 1 1 1 1 1 1 1 1 1 1 1 1 1 1 2 3 2 3 2 3 2 3 2 3 2 3 2 3 2 3 2 3 2 3 2 3 2 3 2 3 2 3 2 3 2 3 1 1 1 1 1 1 1 1 1 1 1 1 1 1 1 1 1 1 1 1 1 1 1 1 1 1 1 1 1 1 1 1 0 
3 13 14 9 22 9 13 20 20 13 13 20 20 13 13 20 20 13 13 20 20 13 13 2 3 13 13 2 3 13 13 2 1 1 1 1 1 1 1 1 1 1 1 1 1 1 1 1 1 1 1 1 1 1 1 1 1 1 1 1 1 1 1 1 3 13 13 2 3 13 13 2 3 13 13 2 3 13 13 2 3 13 13 2 3 13 13 2 3 13 13 2 3 13 13 2 1 1 1 1 1 1 1 1 1 1 1 1 1 1 1 1 1 1 1 1 1 1 1 1 1 1 1 1 1 1 1 1 0 
2 3 14 9 22 9 5 5 21 5 5 5 21 5 5 5 21 5 5 5 21 5 5 5 21 5 5 5 21 5 2 3 0 0 0 0 0 0 0 0 0 0 0 0 0 0 0 0 0 0 0 0 0 0 0 0 0 0 0 0 0 0 0 0 0 0 0 0 0 0 0 0 0 0 0 0 0 0 0 0 0 0 0 0 0 0 0 0 0 0 0 0 0 0 0 0 42 0 0 42 42 0 0 42 42 0 0 42 42 0 0 42 42 0 0 42 42 0 0 42 42 0 0 42 42 0 0 42 0 
3 13 14 9 32 9 9 9 22 9 9 9 22 9 9 9 22 9 9 9 22 9 9 9 22 9 9 9 22 9 13 2 0 0 0 0 0 0 0 0 0 0 0 0 0 0 0 0 0 0 0 0 0 0 0 0 0 0 0 0 0 0 0 0 0 0 0 0 0 0 0 0 0 0 0 0 0 0 0 0 0 0 0 0 0 0 0 0 0 0 0 0 0 0 0 0 0 0 0 0 0 0 0 0 0 0 0 0 0 0 0 0 0 0 0 0 0 0 0 0 0 0 0 0 0 0 0 0 0 
2 3 2 3 2 3 2 3 2 3 2 3 2 3 2 3 2 3 2 3 2 3 19 9 22 9 9 9 22 9 2 3 43 44 43 44 43 44 43 44 43 44 43 44 43 44 43 44 43 44 43 44 43 44 43 44 43 44 43 44 43 44 43 44 0 0 45 46 47 48 45 0 46 47 45 46 47 48 45 46 47 48 45 0 46 47 45 46 47 48 45 0 46 47 0 0 0 0 4 5 5 5 5 5 5 5 5 49 50 5 5 49 50 5 5 5 5 5 5 49 50 5 5 5 5 5 0 0 0 
3 13 13 2 3 13 13 2 3 13 13 2 3 13 13 2 3 13 13 2 3 13 14 9 22 9 9 9 22 9 13 2 44 51 51 43 44 51 51 43 44 51 51 43 44 51 51 43 44 51 51 43 44 51 51 43 44 51 51 43 44 51 51 43 0 0 52 48 53 53 52 45 46 54 52 48 53 53 52 48 53 53 52 45 46 54 52 48 53 53 52 45 46 54 0 0 42 0 14 9 9 9 9 9 9 9 9 55 56 9 9 55 56 9 9 9 9 9 9 55 56 9 9 9 9 9 0 42 0 
2 3 4 5 21 5 5 5 21 5 5 5 21 5 5 5 21 5 5 5 21 5 6 9 22 9 9 9 22 9 2 3 43 44 57 58 58 58 58 59 60 61 62 59 60 61 62 59 60 61 62 59 60 61 62 59 57 58 58 58 58 58 43 44 0 0 53 53 53 53 63 48 48 53 53 53 53 53 53 53 53 53 63 48 48 53 53 53 53 53 63 48 48 53 0 0 42 0 14 9 9 9 9 9 9 9 9 55 56 9 9 55 56 9 9 9 9 9 9 55 56 9 9 9 9 9 0 42 0 
3 13 14 9 22 9 9 9 22 9 9 9 22 9 9 9 22 9 9 9 22 9 9 9 32 9 9 9 22 9 13 2 44 51 64 65 65 65 65 66 67 68 69 66 67 68 69 66 67 68 69 66 67 68 69 66 64 65 65 65 65 65 51 43 0 0 53 70 53 53 63 53 70 53 53 70 53 53 53 70 53 53 63 53 70 53 53 70 53 53 63 53 70 53 0 0 0 0 14 9 9 9 9 9 9 9 71 72 73 74 71 72 73 74 9 9 9 9 71 72 73 74 9 9 9 9 0 0 0 
2 3 14 9 22 9 9 9 22 9 9 9 22 9 9 9 22 9 9 9 22 9 2 3 2 3 19 9 22 9 2 3 43 44 64 65 65 65 65 66 64 65 65 66 64 65 65 66 64 65 65 66 64 65 65 66 64 65 43 44 43 44 43 44 0 0 70 75 53 53 76 75 77 78 53 75 77 78 70 75 53 53 76 75 77 78 70 75 53 53 76 75 77 78 0 0 0 0 14 9 9 9 9 9 9 9 0 0 0 0 0 18 18 0 0 18 18 0 0 0 0 0 19 9 9 9 0 0 0 
3 13 14 9 22 9 9 9 22 9 9 9 22 9 9 9 22 9 9 9 22 9 13 2 3 13 14 9 22 9 13 2 44 51 64 65 65 65 65 66 64 65 65 66 64 65 65 66 64 65 65 66 64 65 65 66 64 65 51 43 44 51 51 43 0 0 77 79 78 75 77 80 79 77 77 80 79 77 77 79 78 75 77 80 79 77 77 79 78 75 77 80 79 77 0 0 42 0 14 9 9 9 9 9 0 0 0 42 42 0 0 0 0 0 0 0 0 0 0 42 42 0 0 0 9 9 0 42 0 
2 3 14 9 22 9 9 9 22 9 9 9 22 9 9 9 22 9 9 9 22 9 10 5 21 5 6 9 22 9 2 3 43 44 64 65 30 31 65 66 64 65 65 66 64 65 65 66 64 65 65 66 64 65 65 66 64 65 58 58 25 26 43 44 0 0 27 28 77 80 79 80 79 80 79 80 79 80 79 79 77 80 79 80 79 80 79 79 77 80 79 80 25 26 0 0 42 0 27 28 9 9 9 9 10 5 0 42 42 0 0 42 42 0 0 42 42 0 0 42 42 0 4 5 9 9 0 42 0 
3 13 14 9 22 9 9 9 32 9 9 9 32 9 9 9 32 9 9 9 32 9 9 9 22 9 9 9 22 9 13 2 44 51 64 81 38 39 65 66 64 65 65 66 64 65 65 66 64 65 65 66 64 65 65 66 64 65 65 65 33 34 51 43 0 0 35 36 79 79 80 79 80 79 80 79 80 79 79 80 79 79 80 79 80 79 79 80 79 79 80 79 33 34 0 0 0 0 35 36 9 9 9 9 9 9 0 0 0 0 0 0 0 0 0 0 0 0 0 0 0 0 14 9 9 9 0 0 0 
2 3 14 9 22 9 2 3 2 3 2 3 2 3 2 3 2 3 2 3 2 3 19 9 22 9 9 9 22 9 2 3 43 44 43 81 43 44 82 66 64 65 65 66 64 65 43 44 43 44 82 66 64 65 65 66 64 65 43 44 43 44 43 44 0 0 2 3 2 3 83 83 83 83 2 3 2 3 83 83 83 83 2 3 2 3 83 83 83 83 2 3 2 3 0 0 0 0 0 0 0 0 19 9 9 9 5 49 50 5 5 5 5 5 5 49 50 5 0 0 0 0 14 9 9 9 0 0 0 
3 13 14 9 22 9 13 2 3 13 13 2 3 13 13 2 3 13 13 2 3 13 14 9 22 9 9 9 22 9 13 2 44 51 51 81 44 51 64 66 64 65 65 66 64 65 51 43 44 51 64 66 64 65 65 66 64 65 51 43 44 51 51 43 0 0 0 0 0 0 84 84 84 84 0 0 0 0 84 84 84 84 0 0 0 0 84 84 84 84 0 0 0 0 0 0 42 0 0 42 42 0 0 0 9 9 9 55 56 9 9 9 9 9 9 55 56 9 0 42 42 0 14 9 0 0 0 42 0 
2 3 14 9 22 9 10 5 21 5 5 5 21 5 5 5 21 5 5 5 21 5 6 9 22 9 9 9 22 9 2 3 43 44 57 81 57 58 85 66 64 65 65 66 64 65 58 59 57 58 85 66 64 86 65 66 64 86 58 59 60 61 43 44 0 0 0 0 0 0 2 3 2 3 0 0 0 0 2 3 2 3 0 0 0 0 2 3 2 3 0 0 0 0 0 0 42 0 0 42 42 0 4 5 9 9 9 55 56 9 9 9 9 9 9 55 56 9 0 42 42 0 14 9 10 5 0 42 0 
3 13 14 9 32 9 9 9 22 9 9 9 22 9 9 9 22 9 9 9 22 9 9 9 22 9 9 9 22 9 13 2 44 51 64 81 64 65 65 66 64 65 65 66 64 65 65 66 64 65 65 87 64 88 65 87 64 88 65 66 67 68 51 43 0 0 0 0 0 0 0 0 0 0 0 0 0 0 0 0 0 0 0 0 0 0 0 0 0 0 0 0 0 0 0 0 0 0 0 0 0 0 14 9 9 9 71 72 73 74 9 9 9 9 71 72 73 74 0 0 0 0 14 9 9 9 0 0 0 
2 3 2 3 2 3 19 9 22 9 9 9 22 9 9 9 22 9 9 9 22 9 9 9 22 9 9 9 22 9 2 3 43 44 64 81 64 65 65 66 64 65 65 66 64 65 65 66 64 65 43 44 43 44 43 44 43 44 82 66 64 65 43 44 0 0 0 0 0 0 0 0 0 0 0 0 0 0 0 0 0 0 0 0 0 0 0 0 0 0 0 0 0 0 0 0 0 0 0 0 0 0 0 0 0 0 0 0 0 0 0 0 0 0 0 0 0 0 0 0 0 0 19 9 9 9 0 0 0 
3 13 13 2 3 13 14 9 22 9 9 9 22 9 9 9 22 9 9 9 22 9 9 9 22 9 9 9 22 9 13 2 44 51 64 81 64 65 65 66 64 65 65 66 64 65 65 66 64 65 51 43 44 51 51 43 44 51 64 66 64 65 51 43 0 0 0 0 0 0 0 0 0 0 0 0 0 0 0 0 0 0 0 0 0 0 0 0 0 0 0 0 0 0 0 0 42 0 0 42 42 0 0 42 42 0 0 42 42 0 0 42 42 0 0 42 42 0 0 42 42 0 0 0 9 9 0 42 0 
2 3 4 5 21 5 6 9 22 9 9 9 22 9 9 9 22 9 9 9 22 9 9 9 22 9 9 9 22 9 2 3 43 44 64 81 64 65 65 66 64 65 65 66 64 65 65 66 64 86 58 59 60 61 62 59 57 58 85 66 64 65 43 44 0 0 0 0 0 0 0 0 0 0 0 0 0 0 0 0 0 0 0 0 0 0 0 0 0 0 0 0 0 0 0 0 42 0 0 42 42 0 0 42 42 0 0 42 42 0 0 42 42 0 0 42 42 0 0 42 42 0 4 5 9 9 0 42 0 
3 13 14 9 22 9 9 9 32 9 9 9 32 9 9 9 22 9 9 9 32 9 9 9 32 9 9 9 22 9 13 2 44 51 64 81 64 65 65 66 64 65 65 66 64 65 65 87 64 88 65 66 67 68 69 66 64 65 65 66 64 65 51 43 0 0 0 0 0 0 0 0 0 0 0 0 0 0 0 0 0 0 0 0 0 0 0 0 0 0 0 0 0 0 0 0 0 0 0 0 0 0 0 0 0 0 0 0 0 0 0 0 0 0 0 0 0 0 0 0 0 0 14 9 9 9 0 0 0 
2 3 2 3 2 3 2 3 2 3 2 3 2 3 19 9 22 9 2 3 2 3 2 3 2 3 19 9 22 9 2 3 43 44 64 81 64 65 65 66 64 65 65 66 64 65 43 44 43 44 82 66 64 65 65 66 64 65 65 66 64 65 43 44 0 0 0 0 0 0 0 0 0 0 0 0 0 0 0 0 0 0 0 0 0 0 0 0 0 0 0 0 0 0 0 0 0 0 4 5 5 5 5 5 5 5 0 0 0 0 4 5 5 5 5 49 50 5 5 5 5 5 6 9 9 9 0 0 0 
3 13 13 2 3 13 13 2 3 13 13 2 3 13 14 9 22 9 13 2 3 13 13 2 3 13 14 9 22 9 13 2 44 51 64 81 64 65 65 66 64 65 65 66 64 65 51 43 44 51 64 66 64 65 65 66 64 65 65 66 64 65 51 43 0 0 43 44 43 44 43 44 43 44 43 44 43 44 43 44 43 44 43 44 43 44 43 44 43 44 43 44 43 44 0 0 42 0 14 9 9 9 9 9 9 9 0 42 42 0 14 9 9 9 9 55 56 9 9 9 9 9 9 9 0 0 0 42 0 
2 3 4 5 21 5 5 5 21 5 5 5 21 5 6 9 22 9 10 5 21 5 5 5 21 5 6 9 22 9 2 3 43 44 64 81 64 86 65 66 64 86 65 66 64 86 58 58 58 58 85 66 64 86 65 66 64 65 65 66 64 86 43 44 0 0 17 17 17 17 17 89 90 91 17 89 90 91 17 89 90 91 17 89 90 91 17 89 90 91 17 89 90 91 0 0 42 0 14 9 9 9 9 9 9 9 0 42 42 0 14 9 9 9 9 55 56 9 9 9 9 9 9 9 10 5 0 42 0 
3 13 14 9 22 9 9 9 22 9 9 9 22 9 9 9 22 9 9 9 22 9 9 9 22 9 9 9 32 9 13 2 44 51 64 81 64 88 65 87 64 88 65 87 64 88 65 65 65 65 65 87 64 88 65 66 64 65 65 87 64 88 51 43 0 0 17 17 57 58 58 58 92 17 57 58 92 17 57 58 92 17 57 58 92 17 57 58 92 17 57 58 92 17 0 0 0 0 14 9 9 9 9 9 9 9 0 0 0 0 14 9 9 9 71 72 73 74 9 9 9 9 9 9 9 9 0 0 0 
2 3 14 9 22 9 9 9 22 9 9 9 22 9 9 9 22 9 9 9 22 9 9 9 22 9 2 3 2 3 2 3 43 44 43 44 43 44 18 18 18 18 43 44 43 44 43 44 43 44 43 44 43 44 82 66 64 65 43 44 43 44 43 44 0 0 17 17 64 65 65 65 93 17 64 65 93 17 64 65 93 17 64 65 93 17 64 65 93 17 64 65 93 17 0 0 0 0 14 9 9 9 9 9 9 9 0 0 0 0 19 9 9 9 0 0 0 0 0 18 18 0 19 9 9 9 0 0 0 
3 13 14 9 22 9 9 9 22 9 9 9 22 9 9 9 22 9 9 9 22 9 9 9 22 9 13 2 3 13 13 2 44 51 51 43 44 51 51 43 44 51 51 43 44 51 51 43 44 51 51 43 44 51 64 66 64 65 51 43 44 51 51 43 0 0 17 17 64 65 65 65 93 17 64 65 93 17 64 65 93 17 64 65 93 17 64 65 93 17 64 65 93 17 0 0 42 0 14 9 9 9 9 9 0 0 0 42 42 0 0 0 9 9 0 42 42 0 0 0 0 0 0 0 9 9 0 42 0 
2 3 14 9 22 9 9 9 22 9 9 9 22 9 9 9 22 9 9 9 22 9 9 9 22 9 10 5 21 5 2 3 43 44 57 59 60 61 62 59 60 61 62 59 60 61 62 59 60 61 62 59 57 58 85 66 64 86 58 59 60 61 43 44 0 0 17 17 64 65 65 65 93 17 64 65 93 17 64 65 93 17 64 65 93 17 64 65 93 17 64 65 25 26 0 0 42 0 27 28 9 9 9 9 10 5 0 42 42 0 4 5 9 9 0 42 42 0 0 42 42 0 4 5 9 9 0 42 0 
3 13 14 9 22 9 9 9 32 9 9 9 32 9 9 9 32 9 9 9 32 9 9 9 32 9 9 9 22 9 13 2 44 51 64 66 67 68 69 66 67 68 69 66 67 68 69 66 67 68 69 66 64 65 65 87 64 88 65 66 67 68 51 43 0 0 17 17 64 65 65 65 93 17 64 65 93 17 64 65 93 17 64 65 93 17 64 65 93 17 64 65 33 34 0 0 0 0 35 36 9 9 9 9 9 9 0 0 0 0 14 9 9 9 0 0 0 0 0 0 0 0 14 9 9 9 0 0 0 
2 3 14 9 22 9 2 3 2 3 2 3 2 3 2 3 2 3 2 3 2 3 2 3 2 3 19 9 22 9 2 3 43 44 64 66 64 65 65 66 64 65 65 66 64 65 65 66 64 65 65 66 64 65 43 44 43 44 82 66 64 65 43 44 0 0 17 17 30 31 65 86 93 17 64 86 93 17 64 86 93 17 64 86 93 17 64 86 93 17 43 44 0 0 0 0 0 0 0 0 0 0 19 9 9 9 5 49 50 5 6 9 9 9 0 0 0 0 5 49 50 5 6 9 9 9 0 0 0 
3 13 14 9 22 9 13 2 3 13 13 2 3 13 13 2 3 13 13 2 3 13 13 2 3 13 14 9 22 9 13 2 44 51 64 66 64 65 65 66 64 65 65 66 64 65 65 66 64 65 65 66 64 65 51 43 44 51 64 66 64 65 51 43 0 0 17 17 38 39 65 88 94 17 64 88 94 17 64 88 94 17 64 88 94 17 64 88 94 17 0 0 0 0 0 0 42 0 0 42 42 0 0 0 9 9 9 55 56 9 9 9 0 0 0 42 42 0 9 55 56 9 9 9 0 0 0 42 0 
2 3 14 9 22 9 10 5 21 5 5 5 21 5 5 5 13 13 4 5 21 5 5 5 21 5 6 9 22 9 2 3 43 44 64 66 64 86 65 66 64 65 65 66 64 86 65 66 64 86 65 66 64 86 58 58 58 58 85 66 64 86 43 44 0 0 43 44 43 44 43 44 43 44 43 44 43 44 43 44 43 44 43 44 43 44 43 44 43 44 0 0 0 0 0 0 42 0 0 42 42 0 4 5 9 9 9 55 56 9 9 9 10 5 0 42 42 0 9 55 56 9 9 9 10 5 0 42 0 
3 13 14 9 32 9 9 9 22 9 9 9 22 9 9 9 13 13 14 9 22 9 9 9 22 9 9 9 32 9 13 2 44 51 64 87 64 88 65 66 64 65 65 87 64 88 65 87 64 88 65 87 64 88 65 65 65 65 65 87 64 88 51 43 0 0 0 0 0 0 0 0 0 0 0 0 0 0 0 0 0 0 0 0 0 0 0 0 0 0 0 0 0 0 0 0 0 0 0 0 0 0 14 9 9 9 71 72 73 74 9 9 9 9 0 0 0 0 71 72 73 74 9 9 9 9 0 0 0 
2 3 2 3 2 3 19 9 22 9 9 9 22 9 9 9 13 13 14 9 22 9 9 9 22 9 2 3 2 3 2 3 43 44 43 44 43 44 82 66 64 65 43 44 43 44 18 18 18 18 43 44 43 44 43 44 43 44 43 44 43 44 43 44 0 0 0 0 0 0 0 0 0 0 0 0 0 0 0 0 0 0 0 0 0 0 0 0 0 0 0 0 0 0 0 0 0 0 0 0 0 0 0 18 18 0 0 0 0 0 0 18 18 0 0 0 0 0 0 0 0 0 0 0 0 0 0 0 0 
3 13 13 2 3 13 14 9 22 9 9 9 22 9 9 9 13 13 14 9 22 9 9 9 22 9 13 2 3 13 13 2 44 51 51 43 44 51 64 66 64 65 51 43 44 51 51 43 44 51 51 43 44 51 51 43 44 51 51 43 44 51 51 43 0 0 0 0 0 0 0 0 0 0 0 0 0 0 0 0 0 0 0 0 0 0 0 0 0 0 0 0 0 0 0 0 42 0 0 42 42 0 0 0 0 0 0 42 42 0 0 0 0 0 0 42 42 0 0 42 42 0 0 42 42 0 0 42 0 
2 3 4 5 21 5 6 9 22 9 9 9 22 9 9 9 13 13 14 9 22 9 9 9 22 9 10 5 21 5 2 3 43 44 57 59 57 58 85 66 64 86 58 59 60 61 62 59 60 61 62 59 60 61 62 59 60 61 62 59 60 61 43 44 43 44 43 44 43 44 43 44 43 44 43 44 43 44 43 44 43 44 43 44 43 44 43 44 43 44 43 44 43 44 43 44 42 0 0 42 42 0 0 42 42 0 0 42 42 0 0 42 42 0 0 42 42 0 0 42 42 0 0 42 42 0 0 42 0 
3 13 14 9 22 9 9 9 32 9 9 9 22 9 9 9 40 40 14 9 32 9 9 9 32 9 9 9 22 9 13 2 44 51 64 66 64 65 65 87 64 88 65 66 67 68 69 66 67 68 69 66 67 68 69 66 67 68 69 66 67 68 51 43 44 51 51 43 44 51 51 43 44 51 51 43 44 51 51 43 44 51 51 43 44 51 51 43 44 51 51 43 44 51 51 43 0 0 0 0 0 0 0 0 0 0 0 0 0 0 0 0 0 0 0 0 0 0 0 0 0 0 0 0 0 0 0 0 0 
2 3 14 9 22 9 2 3 2 3 19 9 22 9 2 3 2 3 2 3 2 3 2 3 2 3 19 9 22 9 2 3 43 44 64 66 64 65 43 44 43 44 82 66 64 65 65 66 64 65 65 66 64 65 65 66 64 65 65 66 64 65 43 44 43 44 43 44 43 44 43 44 43 44 43 44 43 44 43 44 43 44 43 44 43 44 43 44 43 44 43 44 43 44 43 44 2 3 17 17 17 17 17 17 17 17 17 17 17 17 17 17 17 17 17 17 17 17 17 17 17 17 17 17 17 17 0 0 0 
3 13 14 9 22 9 13 2 3 13 14 9 22 9 13 2 3 13 13 2 3 13 13 2 3 13 14 9 22 9 13 2 44 51 64 66 64 65 51 43 44 51 64 66 64 65 65 66 64 65 65 66 64 65 65 66 64 65 65 66 64 65 51 43 44 51 51 43 44 51 51 43 44 51 51 43 44 51 51 43 44 51 51 43 44 51 51 43 44 51 51 43 44 51 51 43 3 13 17 17 17 17 17 17 17 17 17 17 17 17 17 17 17 17 17 17 17 17 17 17 17 17 17 17 17 17 0 42 0 
2 3 14 9 22 9 10 5 21 5 6 9 22 9 10 5 21 5 5 5 13 13 4 5 21 5 6 9 22 9 2 3 43 44 64 66 64 86 58 58 58 58 85 66 64 86 65 66 64 86 65 66 64 65 65 66 64 65 65 66 64 86 43 44 43 44 57 58 58 58 58 59 60 61 62 59 60 61 62 59 60 61 62 59 60 61 62 59 60 61 62 59 60 61 43 44 2 3 17 17 17 17 17 17 17 17 17 17 17 17 17 17 17 17 17 17 17 17 17 17 17 17 17 17 17 17 0 42 0 
3 13 14 9 32 9 9 9 22 9 9 9 32 9 9 9 22 9 9 9 13 13 14 9 22 9 9 9 32 9 13 2 44 51 64 87 64 88 65 65 65 65 65 87 64 88 65 87 64 88 65 66 64 65 65 66 64 65 65 87 64 88 51 43 44 51 64 65 65 65 65 66 67 68 69 66 67 68 69 66 67 68 69 66 67 68 69 66 67 68 69 66 67 68 51 43 3 13 17 17 17 17 17 17 17 17 17 17 17 17 17 17 17 17 17 17 17 17 17 17 17 17 17 17 17 17 0 0 0 
2 3 2 3 2 3 2 3 2 3 2 3 2 3 19 9 22 9 9 9 13 13 14 9 22 9 2 3 2 3 2 3 43 44 43 44 43 44 43 44 43 44 43 44 43 44 43 44 43 44 82 66 64 65 65 66 64 65 43 44 43 44 43 44 43 44 43 44 43 44 82 66 64 65 65 66 64 65 65 66 64 65 65 66 64 65 65 66 64 65 65 66 64 65 43 44 2 3 17 17 17 17 17 17 17 17 17 17 17 17 17 17 17 17 17 17 17 17 17 17 17 17 17 17 17 17 0 0 0 
3 13 13 2 3 13 13 2 3 13 13 2 3 13 14 9 22 9 9 9 13 13 14 9 22 9 13 2 3 13 13 2 44 51 51 43 44 51 51 43 44 51 51 43 44 51 51 43 44 51 64 66 64 65 65 66 64 65 51 43 44 51 51 43 44 51 51 43 44 51 64 66 64 65 65 66 64 65 65 66 64 65 65 66 64 65 65 66 64 65 65 66 64 65 51 43 3 13 17 17 17 17 17 17 17 17 17 17 17 17 17 17 17 17 17 17 17 17 17 17 17 17 17 17 17 17 0 42 0 
2 3 4 5 21 5 5 5 21 5 5 5 21 5 6 9 22 9 9 9 13 13 14 9 22 9 10 5 21 5 2 3 43 44 57 59 60 61 62 59 60 61 62 59 60 61 62 59 57 58 85 66 64 86 65 66 64 86 58 58 25 26 43 44 43 44 27 28 57 58 85 66 64 65 65 66 64 65 65 66 64 65 65 66 64 65 65 66 64 65 65 66 64 65 43 44 2 3 17 17 17 17 17 17 17 17 17 17 17 17 17 17 17 17 17 17 17 17 17 17 17 17 17 17 17 17 0 42 0 
3 13 14 9 22 9 9 9 22 9 9 9 22 9 9 9 32 9 9 9 40 40 14 9 32 9 9 9 22 9 13 2 44 51 64 66 67 68 69 66 67 68 69 66 67 68 69 66 64 65 65 87 64 88 65 87 64 88 65 65 33 34 51 43 44 51 35 36 64 65 65 66 64 65 65 66 64 65 65 66 64 65 65 66 64 65 65 66 64 65 65 66 64 65 51 43 3 13 17 17 17 17 17 17 17 17 17 17 17 17 17 17 17 17 17 17 17 17 17 17 17 17 17 17 17 17 0 0 0 
2 3 14 9 22 9 9 9 22 9 2 3 2 3 2 3 2 3 2 3 2 3 2 3 2 3 19 9 22 9 2 3 43 44 64 66 64 65 65 66 64 65 65 66 64 65 65 66 64 65 43 44 43 44 43 44 43 44 43 44 43 44 43 44 43 44 43 44 43 44 82 66 64 65 65 66 64 65 65 66 64 65 65 66 64 65 65 66 64 65 65 66 64 65 43 44 2 3 17 17 17 17 17 17 17 17 17 17 17 17 17 17 17 17 17 17 17 17 17 17 17 17 17 17 17 17 0 0 0 
3 13 14 9 22 9 9 9 22 9 13 2 3 13 13 2 3 13 13 2 3 13 13 2 3 13 14 9 22 9 13 2 44 51 64 66 64 65 65 66 64 65 65 66 64 65 65 66 64 65 51 43 44 51 51 43 44 51 51 43 44 51 51 43 44 51 51 43 44 51 64 66 64 65 65 66 64 65 65 66 64 65 65 66 64 65 65 66 64 65 65 66 64 65 51 43 3 13 17 17 17 17 17 17 17 17 17 17 17 17 17 17 17 17 17 17 17 17 17 17 17 17 17 17 17 17 0 42 0 
2 3 14 9 22 9 9 9 22 9 10 5 21 5 5 5 13 13 4 5 21 5 5 5 21 5 6 9 22 9 2 3 43 44 64 66 64 65 65 66 64 86 65 66 64 86 65 66 64 86 58 59 60 61 62 59 60 61 62 59 60 61 43 44 43 44 57 58 58 58 85 66 64 86 65 66 64 86 65 66 64 86 65 66 64 86 65 66 30 31 65 66 64 86 43 44 2 3 17 17 17 17 17 17 17 17 17 17 17 17 17 17 17 17 17 17 17 17 17 17 17 17 17 17 17 17 0 42 0 
3 13 14 9 32 9 9 9 32 9 9 9 22 9 9 9 13 13 14 9 22 9 9 9 22 9 9 9 32 9 13 2 44 51 64 66 64 65 65 87 64 88 65 87 64 88 65 87 64 88 65 66 67 68 69 66 67 68 69 66 67 68 51 43 44 51 64 65 65 65 65 87 64 88 65 87 64 88 65 87 64 88 65 87 64 88 65 87 38 39 65 87 64 88 51 43 3 13 17 17 17 17 17 17 17 17 17 17 17 17 17 17 17 17 17 17 17 17 17 17 17 17 17 17 17 17 0 0 0 
2 3 2 3 2 3 2 3 2 3 19 9 22 9 9 9 13 13 14 9 22 9 9 9 22 9 2 3 2 3 2 3 43 44 64 66 64 65 43 44 43 44 18 18 18 18 43 44 43 44 82 66 64 65 65 66 64 65 65 66 64 65 43 44 43 44 43 44 43 44 43 44 43 44 43 44 43 44 43 44 43 44 43 44 43 44 43 44 43 44 43 44 43 44 43 44 43 44 43 44 43 44 43 44 43 44 43 44 43 44 43 44 43 44 43 44 43 44 43 44 43 44 43 44 43 44 0 0 0 
3 13 13 2 3 13 13 20 20 13 14 9 22 9 9 9 13 13 14 9 22 9 9 9 22 9 13 2 3 13 13 2 44 51 64 66 64 65 51 43 44 51 51 43 44 51 51 43 44 51 64 66 64 65 65 66 64 65 65 66 64 65 51 43 44 51 51 43 44 51 51 43 44 51 51 43 44 51 51 43 44 51 51 43 44 51 51 43 44 51 51 43 44 51 51 43 44 51 51 43 44 51 51 43 44 51 51 43 44 51 51 43 44 51 51 43 44 51 51 43 44 51 51 43 44 51 0 42 0 
2 3 4 5 21 5 5 5 21 5 6 9 22 9 9 9 13 13 14 9 22 9 9 9 22 9 10 5 21 5 2 3 43 44 64 66 64 86 58 59 60 61 62 59 60 61 62 59 57 58 85 66 64 65 65 66 64 65 65 66 64 65 43 44 0 0 0 0 0 0 0 0 0 0 0 0 0 0 0 0 0 0 0 0 0 0 0 0 0 0 0 0 0 0 0 0 0 0 0 0 0 0 0 0 0 0 0 0 0 0 0 0 0 0 0 0 0 0 0 0 0 0 0 0 0 0 0 0 0 
3 13 14 9 22 9 9 9 22 9 9 9 32 9 9 9 40 40 14 9 32 9 9 9 32 9 9 9 22 9 13 2 44 51 64 87 64 88 65 66 67 68 69 66 67 68 69 66 64 65 65 66 64 65 65 66 64 65 65 66 64 65 51 43 95 95 95 95 95 95 95 95 95 95 95 95 95 95 95 95 95 95 95 95 95 95 95 95 95 95 95 95 95 95 95 95 95 95 95 95 95 95 95 95 95 95 95 95 95 95 95 95 95 95 95 95 95 95 95 95 95 95 95 95 95 95 95 95 0 
2 3 14 9 22 9 2 3 2 3 2 3 2 3 2 3 2 3 2 3 2 3 2 3 2 3 19 9 22 9 2 3 43 44 43 44 43 44 82 66 64 65 65 66 64 65 65 66 64 65 65 66 64 65 65 66 64 65 65 66 64 65 43 44 96 97 98 99 100 101 98 99 100 101 98 99 100 101 98 99 100 101 98 99 100 101 98 99 100 101 98 99 100 101 98 99 100 101 98 99 100 101 98 99 100 101 98 99 100 101 98 99 100 101 98 99 100 101 98 99 100 101 98 96 102 103 104 104 0 
3 13 14 9 22 9 13 2 3 13 13 2 3 13 13 2 3 13 13 2 3 13 13 2 3 13 14 9 22 9 13 2 44 51 51 43 44 51 64 66 64 65 65 66 64 65 65 66 64 65 65 66 64 65 65 66 64 65 65 66 64 65 51 43 105 106 107 108 109 110 107 111 112 110 107 108 109 110 107 111 112 110 107 111 112 110 107 108 109 110 107 108 109 110 107 111 112 110 107 108 109 110 107 111 112 110 107 108 109 110 107 108 109 110 107 111 112 110 107 111 112 110 107 105 113 114 115 115 0 
2 3 14 9 22 9 10 5 21 5 5 5 21 5 5 5 21 5 5 5 13 13 4 5 21 5 6 9 22 9 2 3 43 44 57 58 58 58 85 66 64 86 65 66 64 86 65 66 64 86 65 66 64 86 65 66 64 86 65 66 64 65 43 44 105 106 107 116 98 117 107 108 109 110 107 116 98 117 107 111 112 110 107 108 109 110 107 116 98 117 107 116 98 117 107 108 109 110 107 116 98 117 107 111 112 110 107 116 98 117 107 116 98 117 107 108 109 110 107 111 112 110 107 105 113 114 115 115 0 
3 13 14 9 32 9 9 9 22 9 9 9 22 9 9 9 22 9 9 9 13 13 14 9 22 9 9 9 32 9 13 2 44 51 64 65 65 65 65 87 64 88 65 87 64 88 65 87 64 88 65 87 64 88 65 87 64 88 65 66 64 65 51 43 105 106 107 107 107 107 107 116 98 117 107 107 107 107 107 111 112 110 107 116 98 117 107 107 107 107 107 107 107 107 107 116 98 117 107 107 107 107 107 111 112 110 107 107 107 107 107 107 107 107 107 116 98 117 107 111 112 110 107 105 99 114 115 115 0 
2 3 2 3 2 3 19 9 22 9 9 9 22 9 9 9 22 9 9 9 13 13 14 9 22 9 2 3 2 3 2 3 43 44 43 44 43 44 43 44 43 44 43 44 43 44 43 44 43 44 18 18 18 18 43 44 43 44 82 66 64 65 43 44 96 97 107 107 107 107 107 107 107 107 107 107 107 107 107 108 109 110 107 107 107 107 107 107 107 107 107 107 107 107 107 107 107 107 107 107 107 107 107 108 109 110 107 107 107 107 107 107 107 107 107 107 107 107 107 108 109 110 107 105 118 114 115 115 0 
3 13 13 2 3 13 14 9 22 9 9 9 22 9 9 9 22 9 9 9 13 13 14 9 22 9 13 2 3 13 13 2 44 51 51 43 44 51 51 43 44 51 51 43 44 51 51 43 44 51 51 43 44 51 51 43 44 51 64 66 64 65 51 43 105 106 107 107 107 107 107 107 107 107 107 107 107 107 107 116 98 117 107 107 107 107 107 107 107 107 107 107 107 107 107 107 107 107 107 107 107 107 107 116 98 117 107 107 107 107 107 107 107 107 107 107 107 107 107 116 98 117 107 105 119 114 115 115 0 
2 3 27 28 4 5 6 9 22 9 9 9 22 9 9 9 22 9 9 9 13 13 14 9 22 9 10 5 25 26 2 3 43 44 27 28 57 58 58 59 60 61 120 120 60 61 62 59 60 61 62 59 60 61 62 59 57 58 85 66 64 86 43 44 105 106 121 122 123 124 124 124 124 124 124 124 124 124 124 124 124 124 124 124 124 124 124 124 124 124 124 124 124 124 124 124 124 124 124 124 124 124 124 124 124 124 124 124 124 124 124 124 124 124 124 124 124 124 124 124 124 124 124 105 125 114 115 115 0 
3 13 35 36 14 9 9 9 32 9 9 9 22 9 9 9 32 9 9 9 40 40 14 9 32 9 9 9 33 34 13 2 44 51 35 36 64 65 65 66 67 68 120 120 67 68 69 66 67 68 69 66 67 68 69 66 64 65 65 87 64 88 51 43 105 106 126 17 127 17 84 84 84 84 84 84 84 84 84 84 84 84 84 17 17 17 17 17 17 84 84 84 84 84 84 17 17 17 17 17 17 84 84 84 84 84 84 17 17 17 17 17 17 84 84 84 84 84 84 84 84 84 84 128 129 130 131 131 0 
2 3 2 3 2 3 2 3 2 3 19 9 22 9 2 3 2 3 2 3 2 3 2 3 2 3 2 3 2 3 2 3 43 44 43 44 43 44 82 66 64 65 120 120 64 65 65 66 64 65 65 66 64 65 65 66 64 65 43 44 43 44 43 44 132 133 134 135 132 133 134 135 132 133 134 135 132 133 134 135 132 133 134 136 17 17 17 17 137 133 134 135 132 133 134 136 17 17 17 17 137 133 134 135 132 133 134 136 17 17 17 17 137 133 134 135 132 133 134 135 132 133 134 135 132 133 134 135 0 
3 13 13 2 3 13 13 2 3 13 14 9 22 9 13 2 3 13 13 2 3 13 13 2 3 13 13 2 3 13 13 2 44 51 51 43 44 51 64 66 64 65 120 120 64 65 65 66 64 65 65 66 64 65 65 66 64 65 51 43 44 51 51 43 138 139 140 17 138 139 140 17 138 139 140 17 138 139 140 17 138 139 140 17 17 17 17 17 138 139 140 17 138 139 140 17 17 17 17 17 138 139 140 17 138 139 140 17 17 17 17 17 138 139 140 17 138 139 140 17 138 139 140 17 138 139 140 17 0 
2 3 4 5 21 5 5 5 21 5 6 9 22 9 10 5 21 5 5 5 21 5 5 5 21 5 5 5 21 5 2 3 43 44 57 59 57 58 65 66 64 86 120 120 64 86 65 66 64 86 65 66 64 65 65 66 64 86 58 58 58 58 43 44 17 141 17 17 17 141 17 17 17 141 17 17 17 141 17 17 17 141 17 17 17 17 17 17 17 141 17 17 17 141 17 17 17 17 17 17 17 141 17 17 17 141 17 17 17 17 17 17 17 141 17 17 17 141 17 17 17 141 17 17 17 141 17 17 0 
3 13 14 9 22 9 9 9 22 9 9 9 32 9 9 9 22 9 9 9 22 9 9 9 22 9 9 9 22 9 13 2 44 51 64 66 64 65 65 87 64 88 40 40 64 88 65 87 64 88 65 66 64 65 65 87 64 88 65 65 65 65 51 43 142 143 142 142 142 143 142 142 142 143 142 142 142 143 142 142 142 143 142 142 142 142 142 142 142 143 142 142 142 143 142 142 142 142 142 142 142 143 142 142 142 143 142 142 142 142 142 142 142 143 142 142 142 143 142 142 142 143 142 142 142 143 142 142 0 
2 3 2 3 2 3 2 3 2 3 2 3 2 3 2 3 2 3 2 3 2 3 2 3 2 3 2 3 2 3 2 3 43 44 64 66 64 65 43 44 43 44 43 44 43 44 43 44 43 44 82 66 64 65 43 44 43 44 43 44 43 44 43 44 0 0 0 0 0 0 0 0 0 0 0 0 0 0 0 0 0 0 0 0 0 0 0 0 0 0 0 0 0 0 0 0 0 0 0 0 0 0 0 0 0 0 0 0 0 0 0 0 0 0 0 0 0 0 0 0 0 0 0 0 0 0 0 0 0 
3 13 13 2 3 13 13 2 3 13 13 2 3 13 13 2 3 13 13 2 3 13 13 2 3 13 13 2 3 13 13 2 44 51 64 66 64 65 51 43 44 51 51 43 44 51 51 43 44 51 64 66 64 65 51 43 44 51 51 43 44 51 51 43 0 0 0 0 0 0 0 0 0 0 0 0 0 0 0 0 0 0 0 0 0 0 0 0 0 0 0 0 0 0 0 0 0 0 0 0 0 0 0 0 0 0 0 0 0 0 0 0 0 0 0 0 0 0 0 0 0 0 0 0 0 0 0 0 0 
42 0 0 42 42 0 0 42 42 0 0 42 42 0 0 42 0 0 0 0 0 0 0 0 0 0 0 0 0 0 0 0 43 44 64 66 64 86 58 59 60 61 120 120 60 61 62 59 57 58 85 66 64 86 58 59 60 61 62 59 60 61 43 44 0 0 0 0 0 0 0 0 0 0 0 0 0 0 0 0 0 0 0 0 0 0 0 0 0 0 0 0 0 0 0 0 0 0 0 0 0 0 0 0 0 0 0 0 0 0 0 0 42 0 0 42 42 0 0 42 42 0 0 42 42 0 0 42 0 
0 0 0 0 0 0 0 0 0 0 0 0 0 0 0 0 0 0 0 0 0 0 0 0 0 0 0 0 0 0 0 0 44 51 64 87 64 88 65 66 67 68 120 120 67 68 69 66 64 65 65 87 64 88 65 66 67 68 69 66 67 68 51 43 0 0 0 0 0 0 0 0 0 0 0 0 0 0 0 0 0 0 0 0 0 0 0 0 0 0 0 0 0 0 0 0 0 0 0 0 0 0 0 0 0 0 0 0 0 0 0 0 0 0 0 0 0 0 0 0 0 0 0 0 0 0 0 0 0 
5 5 5 5 5 5 5 49 50 5 5 5 5 5 0 0 0 0 0 0 0 0 0 0 0 0 0 0 0 0 0 0 43 44 43 44 43 44 43 44 43 44 120 120 64 65 65 66 64 65 43 44 43 44 82 66 64 65 65 66 64 65 43 44 2 3 2 3 2 3 2 3 2 3 2 3 2 3 2 3 2 3 2 3 2 3 2 3 2 3 2 3 2 3 2 3 43 44 43 44 43 44 43 44 43 44 43 44 43 44 43 44 0 0 4 5 5 5 5 5 5 5 5 49 50 5 5 5 0 
9 9 9 9 9 9 9 55 56 9 9 9 9 9 0 42 0 0 43 44 43 44 43 44 43 44 43 44 43 44 0 0 44 51 51 43 44 51 51 43 44 51 120 120 64 65 65 66 64 65 51 43 44 51 64 66 64 65 65 66 64 65 51 43 3 13 13 2 3 13 13 2 3 13 13 2 3 13 13 2 3 13 13 2 3 13 13 2 3 13 13 2 3 13 13 2 44 51 51 43 44 51 51 43 44 51 51 43 44 51 51 43 42 0 14 9 9 9 9 9 9 9 9 55 56 9 9 9 0 
9 9 9 9 9 9 9 55 56 9 9 9 9 9 0 42 0 0 17 17 17 17 17 89 90 91 17 89 90 91 0 0 43 44 57 58 58 58 58 59 60 61 120 120 64 86 65 66 64 86 58 58 58 58 85 66 64 65 65 66 64 86 43 44 2 3 4 5 5 5 5 5 5 5 5 5 5 5 5 5 5 5 5 5 5 5 5 5 5 5 5 5 5 5 2 3 43 44 57 59 60 61 62 59 57 58 58 58 58 58 43 44 42 0 14 9 9 9 9 9 9 9 9 55 56 9 9 9 0 
9 9 9 9 9 9 71 72 73 74 9 9 9 9 0 0 0 0 17 17 57 58 58 58 92 17 57 58 92 17 0 0 44 51 64 65 65 65 65 66 67 68 40 40 64 88 65 87 64 88 65 65 65 65 65 66 64 65 65 87 64 88 51 43 3 13 14 9 9 9 9 9 9 9 9 9 9 9 9 9 9 9 9 9 9 9 9 9 9 9 9 9 9 9 13 2 44 51 64 66 67 68 69 66 64 65 65 65 65 65 51 43 0 0 14 9 9 9 9 9 9 9 71 72 73 74 9 9 0 
9 9 0 18 18 0 0 0 0 0 14 9 9 9 0 0 0 0 17 17 64 65 65 65 93 17 64 65 93 17 0 0 43 44 43 44 43 44 120 120 64 65 43 44 43 44 43 44 43 44 43 44 43 44 82 66 64 65 43 44 43 44 43 44 2 3 2 3 2 3 19 9 9 9 9 9 9 9 9 9 9 9 9 9 9 9 2 3 2 3 19 9 9 9 2 3 43 44 64 66 64 65 65 66 64 65 43 44 43 44 43 44 0 0 14 9 9 9 9 9 9 9 0 0 0 0 14 9 0 
0 0 0 0 0 0 0 42 42 0 14 9 0 0 0 42 0 0 17 17 64 65 65 65 93 17 64 65 93 17 0 0 44 51 51 43 44 51 120 120 64 65 51 43 44 51 51 43 44 51 51 43 44 51 64 66 64 65 51 43 44 51 51 43 3 13 13 2 3 13 14 9 9 9 9 9 9 9 9 9 9 9 9 9 9 9 13 2 3 13 14 9 9 9 13 2 44 51 64 66 64 65 65 66 64 65 51 43 44 51 51 43 42 0 14 9 9 9 9 9 0 0 0 42 42 0 14 9 0 
10 5 0 42 42 0 0 42 42 0 14 9 10 5 0 42 0 0 17 17 64 65 65 65 93 17 64 65 25 26 0 0 43 44 27 28 57 58 120 120 64 86 58 59 60 61 62 59 60 61 62 59 57 58 85 66 64 86 58 58 25 26 43 44 2 3 27 28 4 5 6 9 9 9 9 9 9 9 9 9 9 9 9 9 9 9 10 5 5 5 6 9 9 9 2 3 43 44 64 66 64 65 65 66 64 86 58 58 25 26 43 44 42 0 27 28 9 9 9 9 10 5 0 42 42 0 14 9 0 
9 9 0 0 0 0 0 0 0 0 14 9 9 9 0 0 0 0 17 17 64 65 65 65 93 17 64 65 33 34 0 0 44 51 35 36 64 65 40 40 64 88 65 66 67 68 69 66 67 68 69 66 64 65 65 87 64 88 65 65 33 34 51 43 3 13 35 36 14 9 9 9 9 9 9 9 9 9 9 9 9 9 9 9 9 9 9 9 9 9 9 9 9 9 13 2 44 51 64 66 64 65 65 66 64 88 65 65 33 34 51 43 0 0 35 36 9 9 9 9 9 9 0 0 0 0 14 9 0 
9 9 5 5 5 5 0 0 0 0 19 9 9 9 0 0 0 0 17 121 122 123 65 86 93 17 43 44 0 0 0 0 43 44 43 44 43 44 43 44 43 44 82 66 64 65 65 66 64 65 65 66 64 65 43 44 43 44 43 44 43 44 43 44 2 3 2 3 2 3 19 9 9 9 9 9 9 9 9 9 9 9 9 9 9 9 9 9 9 9 9 9 9 9 2 3 43 44 64 66 64 65 43 44 43 44 43 44 43 44 43 44 0 0 0 0 0 0 14 9 9 9 0 0 0 0 19 9 0 
9 9 9 9 9 9 0 42 42 0 0 0 9 9 0 42 0 0 17 126 17 127 65 88 94 17 0 0 0 0 0 0 44 51 51 43 44 51 51 43 44 51 64 66 64 65 65 66 64 65 65 66 64 65 51 43 44 51 51 43 44 51 51 43 3 13 13 2 3 13 14 9 9 9 9 9 9 9 9 9 9 9 9 9 9 9 9 9 9 9 9 9 9 9 13 2 44 51 64 66 64 65 51 43 44 51 51 43 44 51 51 43 42 0 0 42 42 0 14 9 0 0 0 42 42 0 0 0 0 
9 9 9 9 9 9 0 42 42 0 4 5 9 9 0 42 0 0 43 44 43 44 43 44 43 44 0 0 0 0 0 0 43 44 57 58 58 58 58 58 58 58 85 66 64 86 65 66 64 86 65 66 64 86 58 58 58 58 58 59 60 61 43 44 2 3 4 5 5 5 6 7 8 9 9 9 9 9 9 9 9 9 9 9 9 9 9 9 9 9 9 9 9 9 2 3 43 44 64 66 64 86 58 59 60 61 62 59 60 61 43 44 42 0 0 42 42 0 14 9 10 5 0 42 42 0 4 5 0 
9 9 9 9 9 9 0 0 0 0 14 9 9 9 0 0 0 0 0 0 0 0 0 0 0 0 0 0 0 0 0 0 44 51 64 65 65 65 65 65 65 65 65 87 64 88 65 87 64 88 65 87 64 88 65 65 65 65 65 66 67 68 51 43 3 13 14 9 9 9 9 15 16 9 9 9 9 9 9 9 9 9 9 9 9 9 9 9 9 9 9 9 9 9 13 2 44 51 64 66 64 88 65 66 67 68 69 66 67 68 51 43 0 0 0 0 0 0 14 9 9 9 0 0 0 0 14 9 0 
18 0 19 9 9 9 0 0 0 0 14 9 9 9 0 0 0 0 0 0 0 0 0 0 0 0 0 0 0 0 0 0 43 44 43 44 43 44 43 44 43 44 43 44 43 44 18 18 18 18 43 44 43 44 43 44 43 44 82 66 64 65 43 44 2 3 14 9 9 9 13 18 18 13 19 9 9 9 9 9 9 9 9 9 9 9 9 9 9 9 9 9 9 9 2 3 43 44 64 66 64 65 65 66 64 65 65 66 64 65 43 44 0 0 0 0 0 0 19 9 9 9 0 0 0 0 0 18 0 
0 0 0 0 9 9 0 42 42 0 14 9 0 0 0 42 0 0 0 0 0 0 0 0 0 0 0 0 0 0 0 0 44 51 51 43 44 51 51 43 44 51 51 43 44 51 51 43 44 51 51 43 44 51 51 43 44 51 64 66 64 65 51 43 3 13 14 9 9 9 13 2 3 13 14 9 9 9 9 9 9 9 9 9 9 9 9 9 9 9 9 9 9 9 13 2 44 51 64 66 64 65 65 66 64 65 65 66 64 65 51 43 42 0 0 42 42 0 0 0 9 9 0 42 42 0 0 0 0 
42 0 4 5 9 9 0 42 42 0 14 9 10 5 0 42 0 0 0 0 0 0 0 0 0 0 0 0 0 0 0 0 43 44 57 59 60 61 62 59 60 61 62 59 60 61 62 59 60 61 62 59 60 61 62 59 57 58 85 66 64 86 43 44 2 3 14 7 8 9 10 5 5 5 6 7 8 9 9 9 9 9 9 9 9 9 9 9 9 9 9 9 9 9 2 3 43 44 64 66 64 65 65 66 64 86 65 66 64 65 43 44 42 0 0 42 42 0 4 5 9 9 0 42 42 0 0 42 0 
0 0 14 9 9 9 0 0 0 0 14 9 9 9 0 0 0 0 0 0 0 0 0 0 0 0 0 0 0 0 0 0 44 51 64 66 67 68 69 66 67 68 69 66 67 68 69 66 67 68 69 66 67 68 69 66 64 65 65 87 64 88 51 43 3 13 14 15 16 9 9 9 9 9 9 15 16 9 9 9 9 9 9 9 9 9 9 9 9 9 9 9 9 9 13 2 44 51 64 66 64 65 65 66 64 88 65 66 64 65 51 43 0 0 0 0 0 0 14 9 9 9 0 0 0 0 0 0 0 
50 5 6 9 9 9 0 0 0 0 19 9 9 9 0 0 0 0 0 0 0 0 0 0 0 0 0 0 0 0 0 0 43 44 64 66 64 65 65 66 64 65 65 66 64 65 65 66 64 65 65 66 64 65 65 66 64 65 43 44 43 44 43 44 2 3 2 3 2 3 19 9 9 9 13 18 18 13 19 9 9 9 9 9 9 9 9 9 9 9 9 9 9 9 2 3 43 44 64 66 64 65 65 66 64 65 65 66 64 65 43 44 0 0 4 5 5 5 6 9 9 9 0 0 0 0 5 49 0 
56 9 9 9 0 0 0 42 42 0 0 0 9 9 0 42 0 0 43 44 43 44 43 44 43 44 43 44 43 44 0 0 44 51 64 66 64 65 65 66 64 65 65 66 64 65 65 66 64 65 65 66 64 65 65 66 64 65 51 43 44 51 51 43 3 13 13 2 3 13 14 9 9 9 13 2 3 13 14 9 9 9 9 9 9 9 9 9 9 9 9 9 9 9 13 2 44 51 64 66 64 65 65 66 64 65 65 66 64 65 51 43 42 0 14 9 9 9 9 9 0 0 0 42 42 0 9 55 0 
56 9 9 9 10 5 0 42 42 0 4 5 9 9 0 42 0 0 17 89 90 91 17 89 90 91 17 89 90 91 0 0 43 44 64 66 64 65 65 66 64 86 65 66 64 86 65 66 64 86 65 66 64 86 65 66 64 86 58 59 60 61 43 44 2 3 4 5 5 5 6 7 8 9 10 5 5 5 6 7 8 9 9 9 9 9 9 9 9 9 9 9 9 9 2 3 43 44 64 66 64 86 65 66 64 65 65 66 64 86 43 44 42 0 14 9 9 9 9 9 10 5 0 42 42 0 9 55 0 
73 74 9 9 9 9 0 0 0 0 14 9 9 9 0 0 0 0 57 58 92 17 57 58 92 17 57 58 92 17 0 0 44 51 64 66 64 65 65 87 64 88 65 87 64 88 65 87 64 88 65 87 64 88 65 87 64 88 65 66 67 68 51 43 3 13 14 9 9 9 9 15 16 9 9 9 9 9 9 15 16 9 9 9 9 9 9 9 9 9 9 9 9 9 13 2 44 51 64 66 64 88 65 66 64 65 65 66 64 88 51 43 0 0 14 9 9 9 9 9 9 9 0 0 0 0 71 72 0 
18 0 0 18 18 0 0 0 0 0 14 9 9 9 0 0 0 0 64 65 93 17 64 65 93 17 64 65 93 17 0 0 43 44 64 66 64 65 43 44 43 44 18 18 18 18 43 44 43 44 43 44 43 44 43 44 43 44 82 66 64 65 43 44 2 3 14 9 9 9 13 18 18 13 19 9 9 9 2 3 2 3 19 9 9 9 9 9 9 9 9 9 9 9 2 3 43 44 64 66 64 65 65 66 64 65 65 66 64 65 43 44 0 0 14 9 9 9 0 18 18 0 0 0 0 0 0 18 0 
0 0 0 0 0 0 0 42 42 0 14 9 0 0 0 42 0 0 64 65 93 17 64 65 93 17 64 65 93 17 0 0 44 51 64 66 64 65 51 43 44 51 51 43 44 51 51 43 44 51 51 43 44 51 51 43 44 51 64 66 64 65 51 43 3 13 14 9 9 9 13 2 3 13 14 9 9 9 13 2 3 13 14 9 9 9 9 9 9 9 9 9 9 9 13 2 44 51 64 66 64 65 65 66 64 65 65 66 64 65 51 43 42 0 14 9 0 0 0 0 0 0 0 42 42 0 0 0 0 
42 0 0 42 42 0 0 42 42 0 14 9 25 26 0 42 0 0 27 28 93 17 64 65 93 17 64 65 93 17 0 0 43 44 64 66 64 86 58 59 60 61 62 59 60 61 62 59 60 61 120 120 60 61 62 59 57 58 85 66 64 86 43 44 2 3 14 7 8 9 10 5 5 5 6 7 8 9 10 5 5 5 6 7 8 9 9 9 9 9 9 9 9 9 2 3 43 44 64 66 64 65 65 66 64 86 65 66 64 65 43 44 42 0 14 9 10 5 0 42 42 0 0 42 42 0 0 42 0 
0 0 0 0 0 0 0 0 0 0 14 9 33 34 0 0 0 0 35 36 93 17 64 65 93 17 64 65 93 17 0 0 44 51 64 87 64 88 65 66 67 68 69 66 67 68 69 66 67 68 120 120 67 68 69 66 64 65 65 87 64 88 51 43 3 13 14 15 16 9 9 9 9 9 9 15 16 9 9 9 9 9 9 15 16 9 9 9 9 9 9 9 9 9 13 2 44 51 64 66 64 65 65 66 64 88 65 66 64 65 51 43 0 0 14 9 9 9 0 0 0 0 0 0 0 0 0 0 0 
5 5 5 49 50 5 0 0 0 0 0 0 0 0 0 0 0 0 43 44 43 44 64 86 93 17 64 121 122 123 0 0 43 44 43 44 43 44 82 66 64 65 65 66 64 65 65 66 64 65 120 120 64 65 65 66 64 65 43 44 43 44 43 44 2 3 2 3 2 3 19 9 9 9 2 3 2 3 19 9 9 9 13 18 18 13 19 9 9 9 9 9 9 9 2 3 43 44 64 66 64 65 65 66 64 65 65 66 64 65 43 44 0 0 19 9 9 9 5 5 5 5 5 49 50 5 5 5 0 
9 9 9 55 56 9 0 42 42 0 0 42 42 0 0 42 0 0 0 0 0 0 64 88 94 17 64 126 17 127 0 0 44 51 51 43 44 51 64 66 64 65 65 66 64 65 65 66 64 65 120 120 64 65 65 66 64 65 51 43 44 51 51 43 3 13 13 2 3 13 14 9 9 9 13 2 3 13 14 9 9 9 13 2 3 13 14 9 9 9 9 9 9 9 13 2 44 51 64 66 64 65 65 66 64 65 65 66 64 65 51 43 42 0 0 0 9 9 9 9 9 9 9 55 56 9 9 9 0 
9 9 9 55 56 9 0 42 42 0 0 42 42 0 0 42 0 0 0 0 0 0 43 44 43 44 43 44 43 44 0 0 43 44 57 58 58 58 85 66 64 86 65 66 64 86 65 66 64 65 120 120 64 86 65 66 64 86 58 58 58 58 43 44 2 3 4 5 5 5 6 7 8 9 10 5 5 5 6 7 8 9 10 5 5 5 6 7 8 9 9 9 9 9 2 3 43 44 64 66 64 86 65 66 64 65 65 66 64 86 43 44 42 0 4 5 9 9 9 9 9 9 9 55 56 9 9 9 0 
9 9 71 72 73 74 0 0 0 0 0 0 0 0 0 0 0 0 0 0 0 0 0 0 0 0 0 0 0 0 0 0 44 51 64 65 65 65 65 87 64 88 65 87 64 88 65 66 64 65 120 120 64 88 65 87 64 88 65 65 65 65 51 43 3 13 14 9 9 9 9 15 16 9 9 9 9 9 9 15 16 9 9 9 9 9 9 15 16 9 9 9 9 9 13 2 44 51 64 66 64 88 65 66 64 65 65 66 64 88 51 43 0 0 14 9 9 9 9 9 9 9 71 72 73 74 9 9 0 
0 0 0 0 0 0 0 0 0 0 0 0 0 0 0 0 0 0 0 0 0 0 0 0 0 0 0 0 0 0 0 0 43 44 43 44 43 44 43 44 43 44 43 44 43 44 82 66 64 65 43 44 43 44 43 44 43 44 43 44 43 44 43 44 2 3 14 9 9 9 2 3 2 3 19 9 9 9 2 3 2 3 2 3 2 3 2 3 2 3 19 9 9 9 2 3 43 44 64 66 64 65 65 66 64 65 65 66 64 65 43 44 0 0 0 0 0 0 0 0 0 0 0 0 0 0 0 0 0 
42 0 0 42 42 0 0 42 42 0 0 42 42 0 0 42 42 0 0 42 42 0 0 42 42 0 0 42 42 0 0 42 44 51 51 43 44 51 51 43 44 51 51 43 44 51 64 66 64 65 51 43 44 51 51 43 44 51 51 43 44 51 51 43 3 13 14 9 9 9 13 2 3 13 14 9 9 9 13 2 3 13 13 2 3 13 13 2 3 13 14 9 9 9 13 2 44 51 64 66 64 65 65 66 64 65 65 66 64 65 51 43 42 0 0 42 42 0 0 42 42 0 0 42 42 0 0 42 0 
42 0 0 42 42 0 0 42 42 0 0 42 42 0 0 42 42 0 0 42 42 0 0 42 42 0 0 42 42 0 0 42 43 44 57 59 60 61 62 59 60 61 120 120 57 58 85 66 64 86 58 59 60 61 62 59 60 61 62 59 60 61 43 44 2 3 14 7 8 9 10 5 5 5 6 7 8 9 10 5 5 5 5 5 5 5 5 5 5 5 6 9 9 9 2 3 43 44 64 66 64 65 65 66 64 86 65 66 64 65 43 44 42 0 0 42 42 0 0 42 42 0 0 42 42 0 0 42 0 
0 0 0 0 0 0 0 0 0 0 0 0 0 0 0 0 0 0 0 0 0 0 0 0 0 0 0 0 0 0 0 0 44 51 64 66 67 68 69 66 67 68 120 120 64 65 65 87 64 88 65 66 67 68 69 66 67 68 69 66 67 68 51 43 3 13 14 15 16 9 9 9 9 9 9 15 16 9 9 9 9 9 9 9 9 9 9 9 9 9 9 9 9 9 13 2 44 51 64 66 64 65 65 66 64 88 65 66 64 65 51 43 0 0 0 0 0 0 0 0 0 0 0 0 0 0 0 0 0 
0 0 0 0 0 0 0 0 0 0 0 0 0 0 0 0 0 0 0 0 0 0 0 0 0 0 0 0 0 0 0 0 43 44 64 66 64 65 65 66 64 65 120 120 64 65 43 44 43 44 82 66 64 65 65 66 64 65 65 66 64 65 43 44 2 3 2 3 2 3 19 9 9 9 13 18 18 13 2 3 2 3 2 3 2 3 19 9 9 9 9 9 9 9 2 3 43 44 64 66 64 65 65 66 64 65 65 66 64 65 43 44 0 0 0 0 0 0 0 0 0 0 0 0 0 0 0 0 0 
43 44 43 44 43 44 43 44 43 44 43 44 43 44 43 44 43 44 43 44 43 44 43 44 43 44 43 44 43 44 0 0 44 51 64 66 64 65 65 66 64 65 120 120 64 65 51 43 44 51 64 66 64 65 65 66 64 65 65 66 64 65 51 43 3 13 13 2 3 13 14 9 9 9 13 2 3 13 13 2 3 13 13 2 3 13 14 9 9 9 9 9 9 9 13 2 44 51 64 66 64 65 65 66 64 65 65 66 64 65 51 43 0 0 43 44 43 44 43 44 43 44 43 44 43 44 43 44 0 
90 91 17 89 90 91 17 89 90 91 17 89 90 91 17 89 90 91 17 89 90 91 17 89 90 91 17 89 90 91 0 0 43 44 64 66 64 86 65 66 64 65 120 120 64 86 58 58 58 58 85 66 64 86 65 66 64 86 65 66 64 65 43 44 2 3 4 5 5 5 6 7 8 9 10 5 5 5 5 5 5 5 5 5 5 5 6 7 8 9 9 9 9 9 2 3 43 44 64 66 64 86 65 66 64 65 65 66 64 86 43 44 0 0 17 89 90 91 17 89 90 91 17 89 90 91 17 89 0 
92 17 57 58 92 17 57 58 92 17 57 58 92 17 57 58 92 17 57 58 92 17 57 58 92 17 57 58 92 17 0 0 44 51 64 87 64 88 65 66 64 65 40 40 64 88 65 65 65 65 65 87 64 88 65 87 64 88 65 66 64 65 51 43 3 13 14 9 9 9 9 15 16 9 9 9 9 9 9 9 9 9 9 9 9 9 9 15 16 9 9 9 9 9 13 2 44 51 64 66 64 88 65 66 64 65 65 87 64 88 51 43 0 0 57 58 92 17 57 58 92 17 57 58 92 17 57 58 0 
93 17 64 65 93 17 64 65 93 17 64 65 93 17 64 65 93 17 64 65 93 17 64 65 93 17 64 65 93 17 0 0 43 44 43 44 43 44 82 66 64 65 43 44 43 44 43 44 43 44 43 44 43 44 43 44 43 44 82 66 64 65 43 44 2 3 2 3 2 3 2 3 2 3 2 3 2 3 2 3 2 3 19 9 9 9 2 3 2 3 19 9 9 9 2 3 43 44 64 66 64 65 65 66 64 65 43 44 43 44 43 44 0 0 64 65 93 17 64 65 93 17 64 65 93 17 64 65 0 
93 17 64 65 93 17 64 65 93 17 64 65 93 17 64 65 93 17 64 65 93 17 64 65 93 17 64 65 93 17 0 0 44 51 51 43 44 51 64 66 64 65 51 43 44 51 51 43 44 51 51 43 44 51 51 43 44 51 64 66 64 65 51 43 3 13 13 2 3 13 13 2 3 13 13 2 3 13 3 2 3 13 14 9 9 9 13 2 3 13 14 9 9 9 13 2 44 51 64 66 64 65 65 66 64 65 51 43 44 51 51 43 0 0 64 65 93 17 64 65 93 17 64 65 93 17 64 65 0 
93 17 64 65 93 17 64 65 93 17 64 65 93 17 64 65 93 17 64 65 93 17 64 65 93 17 64 65 25 26 0 0 43 44 27 28 57 58 85 66 64 86 58 59 60 61 62 59 60 61 62 59 60 61 62 59 57 58 85 66 64 86 43 44 2 3 4 5 5 5 5 5 5 5 5 5 5 5 5 5 5 5 6 7 8 9 10 5 5 5 6 9 9 9 2 3 43 44 64 66 64 65 65 66 64 65 58 58 25 26 43 44 0 0 27 28 93 17 64 65 93 17 64 65 93 17 64 65 0 
93 17 64 65 93 17 64 65 93 17 64 65 93 17 64 65 93 17 64 65 93 17 64 65 93 17 64 65 33 34 0 0 44 51 35 36 64 65 65 87 64 88 65 66 67 68 69 66 67 68 69 66 67 68 69 66 64 65 65 87 64 88 51 43 3 13 14 9 9 9 9 9 9 9 9 9 9 9 9 9 9 9 9 15 16 9 9 9 9 9 9 9 9 9 13 2 44 51 64 66 64 65 65 66 64 65 65 65 33 34 51 43 0 0 35 36 93 17 64 65 93 17 64 65 93 17 64 65 0 
93 17 64 86 93 17 64 86 93 17 64 86 93 17 64 86 93 17 64 86 93 17 64 86 93 17 43 44 0 0 0 0 43 44 43 44 43 44 43 44 43 44 82 66 64 65 65 66 64 65 65 66 64 65 65 66 64 65 43 44 43 44 43 44 2 3 14 9 9 9 2 3 2 3 2 3 2 3 19 9 9 9 13 18 18 13 2 3 2 3 19 9 9 9 2 3 43 44 64 66 64 65 65 66 64 65 43 44 43 44 43 44 0 0 43 44 43 44 64 86 93 17 64 86 93 17 64 86 0 
94 17 64 88 94 17 64 88 94 17 64 88 94 17 64 88 94 17 64 88 94 17 64 88 94 17 0 0 0 0 0 0 44 51 51 43 44 51 51 43 44 51 64 66 64 65 65 66 64 65 65 66 64 65 65 66 64 65 51 43 44 51 51 43 3 13 14 9 9 9 13 2 3 13 13 2 3 13 14 9 9 9 13 2 3 13 13 2 3 13 14 9 9 9 13 2 44 51 64 66 64 65 65 66 64 65 51 43 44 51 51 43 0 0 0 0 0 0 64 88 94 17 64 88 94 17 64 88 0 
43 44 43 44 43 44 43 44 43 44 43 44 43 44 43 44 43 44 43 44 43 44 43 44 43 44 0 0 0 0 0 0 43 44 57 58 58 58 58 58 58 58 85 66 64 86 65 66 64 86 65 66 64 86 65 66 64 86 58 58 58 58 43 44 2 3 14 7 8 9 10 5 5 5 5 5 5 5 6 7 8 9 10 5 5 5 5 5 5 5 6 9 9 9 2 3 43 44 64 66 64 86 65 66 64 86 58 58 58 58 43 44 0 0 0 0 0 0 43 44 43 44 43 44 43 44 43 44 0 
0 0 0 0 0 0 0 0 0 0 0 0 0 0 0 0 0 0 0 0 0 0 0 0 0 0 0 0 0 0 0 0 44 51 64 65 65 65 65 65 65 65 65 87 64 88 65 87 64 88 65 87 64 88 65 87 64 88 65 65 65 65 51 43 3 13 14 15 16 9 9 9 9 9 9 9 9 9 9 15 16 9 9 9 9 9 9 9 9 9 9 9 9 9 13 2 44 51 64 87 64 88 65 87 64 88 65 65 65 65 51 43 0 0 0 0 0 0 0 0 0 0 0 0 0 0 0 0 0 
0 0 0 0 0 0 0 0 0 0 0 0 0 0 0 0 0 0 0 0 0 0 0 0 0 0 0 0 0 0 0 0 43 44 43 44 43 44 43 44 43 44 43 44 43 44 43 44 43 44 43 44 43 44 43 44 43 44 43 44 43 44 43 44 2 3 13 18 18 13 2 3 2 3 19 9 9 9 13 18 18 13 2 3 2 3 19 9 9 9 9 9 9 9 2 3 43 44 43 44 43 44 43 44 43 44 43 44 43 44 43 44 0 0 0 0 0 0 0 0 0 0 0 0 0 0 0 0 0 
0 0 0 0 0 0 0 0 0 0 0 0 0 0 0 0 0 0 0 0 0 0 0 0 0 0 0 0 0 0 0 0 44 51 51 43 44 51 51 43 44 51 51 43 44 51 51 43 44 51 51 43 44 51 51 43 44 51 51 43 44 51 51 43 3 13 13 2 3 13 13 2 3 13 14 9 9 9 13 2 3 13 13 2 3 13 14 9 9 9 9 9 9 9 13 2 44 51 51 43 44 51 51 43 44 51 51 43 44 51 51 43 0 0 0 0 0 0 0 0 0 0 0 0 0 0 0 0 0 
0 0 0 0 0 0 0 0 0 0 0 0 0 0 0 0 0 0 0 0 0 0 0 0 0 0 0 0 0 0 0 0 0 0 0 0 0 0 0 0 0 0 0 0 0 0 0 0 0 0 0 0 0 0 0 0 0 0 0 0 0 0 0 0 0 0 0 0 0 0 0 0 0 0 0 0 0 0 0 0 0 0 0 0 0 0 0 0 0 0 0 0 0 0 0 0 0 0 0 0 0 0 0 0 0 0 0 0 0 0 0 0 0 0 0 0 0 0 0 0 0 0 0 0 0 0 0 0 0 